Mouse experiment
13/03/2016 17:12
Line number; Cycle number; Phase; Experiment time; Round time; Phase time
TIMES=5,5,5
TOTALTIME=15
REPETITIONS=3
MODE=FIX1
START
1;1;1;1.42;1.42;1.42
2;1;1;2.89;2.89;2.89
3;1;1;4.45;4.45;4.45
4;1;2;5.90;5.90;0.89
5;1;2;7.98;7.98;2.97
6;1;2;9.94;9.94;4.92
7;1;3;11.86;11.86;1.83
8;1;3;14.63;14.63;4.60
9;2;1;16.34;1.31;1.31
10;2;1;19.42;4.39;4.39
11;2;2;21.49;6.45;1.44
12;2;3;28.22;13.18;3.17
13;3;1;32.06;1.99;1.99
14;3;2;35.76;5.70;0.69
END
PRESSESTOTAL=14
PRESSESCORRECT=5
