Mouse experiment
13/03/2016 17:21
Line number; Cycle number; Phase; Experiment time; Cycle time; Phase time
TIMES=6,4,2
TOTALTIME=12
REPETITIONS=4
MODE=FIX2
START
1;1;1;1.30;1.30;1.30
2;1;1;2.39;2.39;2.39
3;1;1;3.89;3.89;3.89
4;1;1;5.38;5.38;5.38
5;1;2;7.13;7.13;1.12
6;1;3;8.37;8.37;1.23
7;2;1;10.10;0.95;0.95
8;2;1;10.26;1.11;1.11
9;2;1;10.40;1.25;1.25
10;2;1;10.62;1.47;1.47
11;2;1;11.79;2.64;2.64
12;2;1;13.15;4.00;4.00
13;2;1;14.87;5.72;5.72
14;2;2;15.80;6.65;0.63
15;2;3;17.05;7.90;1.24
16;2;3;17.45;8.30;1.65
17;2;3;17.78;8.63;1.98
18;3;1;22.05;4.24;4.24
19;3;2;24.33;6.52;0.52
20;3;3;25.84;8.03;1.50
21;4;1;27.46;1.11;1.11
22;4;1;31.34;4.98;4.98
23;4;2;33.09;6.73;0.72
24;4;3;34.20;7.84;1.11
END
PRESSESTOTAL=24
PRESSESCORRECT=4
