Mouse experiment
13/03/2016 17:52
Line number; Cycle number; Phase; Experiment time; Cycle time; Phase time
TIMES=3,3,3
TOTALTIME=9
REPETITIONS=3
MODE=FIX1
START
1;1;1;0.92;0.92;0.92
2;1;1;1.42;1.42;1.42
3;1;1;1.84;1.84;1.84
4;1;2;3.69;3.69;0.68
5;1;2;4.35;4.35;1.34
6;1;3;6.54;6.54;0.52
7;2;1;10.01;0.98;0.98
8;2;1;10.48;1.45;1.45
9;2;1;10.90;1.87;1.87
10;2;2;12.62;3.60;0.59
11;2;2;13.19;4.16;1.15
12;2;3;15.53;6.50;0.49
13;3;1;19.04;1.00;1.00
14;3;1;19.45;1.40;1.40
15;3;1;19.82;1.78;1.78
16;3;2;21.64;3.59;0.58
17;3;2;22.23;4.19;1.18
18;3;3;24.58;6.54;0.52
END
PRESSESTOTAL=18
PRESSESCORRECT=6
