Mouse experiment
13/03/2016 17:49
Line number; Cycle number; Phase; Experiment time; Cycle time; Phase time
TIMES=3,3,3
TOTALTIME=9
REPETITIONS=7
MODE=FIX1
START
1;1;1;1.01;1.01;1.01
2;1;1;1.85;1.85;1.85
3;1;1;2.43;2.43;2.43
4;1;2;3.82;3.82;0.81
5;1;2;4.85;4.85;1.84
6;1;2;5.80;5.80;2.79
7;1;3;7.69;7.69;1.67
8;1;3;8.33;8.33;2.31
9;1;3;8.99;8.99;2.97
10;2;1;10.38;1.36;1.36
11;2;1;11.21;2.19;2.19
12;2;1;11.94;2.92;2.92
13;2;2;13.27;4.25;1.23
14;2;2;13.97;4.95;1.94
15;2;2;14.72;5.70;2.69
16;2;3;16.10;7.08;1.05
17;2;3;16.63;7.61;1.58
18;2;3;17.08;8.06;2.03
19;3;1;18.91;0.86;0.86
20;3;1;19.39;1.34;1.34
21;3;1;19.78;1.73;1.73
22;3;2;21.54;3.49;0.48
23;3;2;21.79;3.74;0.73
24;3;2;22.20;4.15;1.14
25;3;3;24.61;6.56;0.53
26;3;3;24.94;6.89;0.86
27;3;3;25.23;7.18;1.16
28;4;1;28.15;1.07;1.07
29;4;1;28.55;1.48;1.48
30;4;1;28.90;1.82;1.82
31;4;2;30.65;3.57;0.56
32;4;2;30.98;3.90;0.89
33;4;2;31.31;4.23;1.22
34;4;3;33.61;6.53;0.52
35;4;3;33.94;6.86;0.85
36;4;3;34.23;7.16;1.15
37;5;1;37.03;0.93;0.93
38;5;1;37.82;1.73;1.73
39;5;1;38.12;2.03;2.03
40;5;2;39.68;3.59;0.58
41;5;2;40.21;4.12;1.11
42;5;2;40.93;4.84;1.83
43;5;3;43.02;6.93;0.90
44;5;3;43.79;7.69;1.67
45;5;3;44.00;7.91;1.88
46;6;1;46.21;1.08;1.08
47;6;1;47.51;2.38;2.38
48;6;1;47.74;2.61;2.61
49;6;2;48.78;3.65;0.65
50;6;2;49.06;3.93;0.93
51;6;2;49.38;4.25;1.24
52;6;3;51.72;6.59;0.58
53;6;3;52.49;7.36;1.35
54;6;3;52.96;7.83;1.81
55;7;1;55.01;0.87;0.87
56;7;1;56.02;1.88;1.88
57;7;1;57.13;2.99;2.99
58;7;2;58.84;4.69;1.69
59;7;2;59.67;5.52;2.52
60;7;3;60.25;6.11;0.11
61;7;3;63.12;8.98;2.97
END
PRESSESTOTAL=61
PRESSESCORRECT=20
